***#***********
***************
-------------**
***************
***************
***************
***************
**-************
**-****--------
**-************
**-************
**-*****-***$**
**-*****-******
teminou dfs
tamanho: 78, peso: 77.4142
[ (0, 3) (0, 4) (0, 5) (0, 6) (0, 7) (0, 8) (0, 9) (0, 10) (0, 11) (0, 12) (0, 13) (0, 14) (1, 14) (2, 14) (3, 14) (4, 14) (5, 14) (6, 14) (7, 14) (7, 13) (6, 13) (5, 13) (4, 13) (3, 13) (2, 13) (3, 12) (4, 12) (5, 12) (6, 12) (7, 12) (7, 11) (6, 11) (5, 11) (4, 11) (3, 11) (3, 10) (4, 10) (5, 10) (6, 10) (7, 10) (7, 9) (6, 9) (5, 9) (4, 9) (3, 9) (3, 8) (4, 8) (5, 8) (6, 8) (7, 8) (7, 7) (6, 7) (5, 7) (4, 7) (3, 7) (3, 6) (4, 6) (5, 6) (6, 6) (7, 6) (8, 6) (9, 6) (9, 7) (9, 8) (9, 9) (9, 10) (9, 11) (9, 12) (9, 13) (9, 14) (10, 14) (11, 14) (12, 14) (12, 13) (11, 13) (10, 13) (10, 12) (11, 12) ]
***#OOOOOOOOOOO
**************O
-------------OO
******OOOOOOOOO
******OOOOOOOOO
******OOOOOOOOO
******OOOOOOOOO
**-***OOOOOOOOO
**-***O--------
**-***OOOOOOOOO
**-*********OOO
**-*****-***$OO
**-*****-****OO
